#Base	Mean	Median	Lower Quartile	Upper Quartile	10th Percentile	90th Percentile
1	39.851088121415465	40.0	40.0	40.0	40.0	40.0
2	39.823216863145404	40.0	40.0	40.0	40.0	40.0
3	39.806648754050705	40.0	40.0	40.0	40.0	40.0
4	39.7966120463403	40.0	40.0	40.0	40.0	40.0
5	39.48240982809489	40.0	40.0	40.0	40.0	40.0
6	39.687211868656654	40.0	40.0	40.0	40.0	40.0
7	39.614472943973645	40.0	40.0	40.0	40.0	40.0
8	39.53903821725771	40.0	40.0	40.0	40.0	40.0
9	39.40539300415189	40.0	40.0	40.0	40.0	40.0
10	39.22727533073851	40.0	40.0	40.0	40.0	40.0
11	39.03652060799373	40.0	40.0	40.0	40.0	40.0
12	38.83684733716363	40.0	40.0	40.0	40.0	40.0
13	38.00679105370475	40.0	40.0	40.0	40.0	40.0
14	37.420608121008165	40.0	40.0	40.0	32.0	40.0
15	37.22028126455771	40.0	40.0	40.0	29.0	40.0
16	36.47825539096766	40.0	40.0	40.0	22.0	40.0
17	35.04345039749715	40.0	40.0	40.0	13.0	40.0
18	35.44634106605097	40.0	40.0	40.0	16.0	40.0
19	34.87004465001667	40.0	40.0	40.0	14.0	40.0
20	34.15579457428475	40.0	38.0	40.0	11.0	40.0
21	33.22712768530139	40.0	31.0	40.0	10.0	40.0
22	32.49217288262442	40.0	27.0	40.0	9.0	40.0
23	31.41095961897295	40.0	22.0	40.0	7.0	40.0
24	30.57499560882105	40.0	20.0	40.0	6.0	40.0
25	29.429261289148315	40.0	16.0	40.0	5.0	40.0
26	28.152521554961012	40.0	14.0	40.0	5.0	40.0
27	26.803150448154813	35.0	11.0	40.0	4.0	40.0
28	25.574543762871247	30.0	10.0	40.0	4.0	40.0
29	24.970248808017658	28.0	10.0	40.0	4.0	40.0
